24.200
26.767
23.567
26.600
24.233
22.633
26.533
24.067
26.767
20.833
20.900
26.167
23.700
27.767
22.433
26.100
25.567
25.700
21.567
26.267
23.167
21.900
27.733
23.433
23.700
26.633
24.700
22.500
27.900
23.567
23.967
23.100
26.333
24.567
24.033
26.033
22.100
24.700
20.833
22.000
24.567
25.133
23.367
25.833
24.300
25.167
24.767
21.767
24.333
22.233
25.167
25.500
25.567
26.867
26.467
23.167
24.633
28.167
29.633
26.833
23.700
23.967
25.367
26.867
22.967
24.400
24.200
26.033
26.833
26.833
23.500
21.167
24.500
23.367
24.633
24.500
23.967
24.567
21.633
24.533
27.567
21.500
27.633
25.800
27.267
23.500
25.033
24.700
27.367
24.267
23.167
24.033
27.633
22.633
25.167
23.367
23.900
25.833
24.833
27.200
26.200
26.533
24.833
27.933
24.433
26.433
26.267
22.233
26.033
24.533
23.967
26.933
26.433
22.300
23.500
24.467
25.033
26.800
27.400
27.233
25.700
26.900
24.367
27.500
21.567
26.433
21.633
23.100
27.833
26.700
25.800
24.267
23.967
22.100
26.500
24.900
24.033
28.067
22.567
27.533
23.967
24.433
26.933
25.567
27.333
25.833
22.167
24.333
23.633
26.033
24.033
21.133
26.167
24.500
28.533
24.533
26.700
26.900
21.567
28.100
25.100
23.100
26.767
26.933
25.567
24.667
23.367
22.833
22.100
24.833
28.667
25.633
27.100
22.967
24.633
24.033
25.300
24.100
26.300
23.100
22.967
24.300
23.767
28.833
24.700
25.700
23.433
23.433
25.033
27.167
28.467
25.900
26.267
24.500
25.233
23.233
29.267
24.033
26.200
26.233
28.633
25.867
23.233
26.300
21.567
24.767
25.433
25.967
21.633
27.167
27.300
25.100
24.300
24.433
22.233
25.100
24.367
21.967
24.767
24.233
28.567
25.433
23.633
24.767
25.167
22.100
24.967
21.367
26.400
26.033
27.667
24.500
26.500
22.367
25.567
24.700
27.033
25.500
25.967
26.833
26.600
24.967
24.333
24.633
24.200
29.033
22.033
24.200
26.367
25.167
23.833
27.333
26.067
23.833
27.600
23.367
27.300
27.033
23.300
19.967
23.433
23.567
24.633
26.800
23.833
27.433
24.433
27.033
27.700
26.567
26.433
25.367
26.300
26.233
21.300
23.800
23.867
23.300
26.567
25.700
24.433
23.300
23.933
26.333
26.300
27.033
23.900
27.300
27.233
23.900
24.567
23.233
23.300
24.033
28.100
24.733
24.433
26.900
20.033
22.900
26.233
20.633
24.300
21.833
25.033
24.100
23.367
24.567
24.100
25.233
25.167
24.100
24.767
26.033
22.033
27.367
28.200
23.100
24.033
21.367
26.767
23.300
26.833
23.833
22.033
26.033
22.033
24.833
28.100
23.967
28.900
25.833
24.133
20.400
28.400
21.200
26.567
25.167
23.633
24.833
26.767
23.967
27.433
21.700
25.100
24.633
24.300
26.967
25.433
24.233
25.567
24.633
26.700
25.833
21.367
25.433
25.167
25.433
27.800
26.400
24.100
25.100
27.267
23.833
22.900
23.433
20.367
28.000
26.433
23.033
25.500
24.700
24.833
26.767
26.133
25.367
22.833
20.633
24.233
26.133
26.600
25.033
21.833
25.167
25.100
24.167
23.300
23.900
27.933
27.500
21.233
24.233
23.900
24.100
23.633
24.167
23.900
27.567
26.367
26.467
26.600
21.500
26.600
23.033
26.767
27.967
24.167
24.500
24.233
27.967
23.833
23.900
26.233
26.133
26.967
27.800
22.033
22.367
22.900
24.033
26.300
25.000
28.000
26.633
26.200
28.467
23.100
24.333
26.700
26.833
27.867
27.033
21.233
28.667
25.033
23.733
26.800
21.767
21.833
24.067
26.633
25.367
23.767
21.433
21.433
24.500
21.700
24.200
21.967
23.367
24.367
25.933
23.967
25.033
27.067
24.767
23.900
21.367
26.333
25.233
22.500
25.967
26.233
23.767
23.933
24.167
24.500
26.700
21.300
24.833
21.700
22.167
25.433
25.167
25.733
26.300
24.667
25.933
27.767
24.067
22.833
26.100
24.033
27.567
20.900
29.700
24.733
24.100
24.233
23.833
26.900
27.667
25.967
26.433
27.567
22.567
25.700
24.833
26.333
24.700
23.633
25.833
26.100
27.433
25.567
27.167
23.433
23.500
23.433
24.133
25.967
22.500
25.900
26.533
24.200
25.033
26.433
24.567
26.100
27.300
24.433
25.567
24.167
24.500
24.933
23.900
23.900
24.267
26.633
23.967
24.367
24.233
23.833
24.100
24.167
19.733
21.633
26.967
24.700
26.300
27.533
23.500
26.333
26.267
22.967
26.333
24.267
25.100
25.967
24.433
25.567
24.367
27.200
27.333
28.633
24.567
24.267
25.033
28.400
27.733
24.633
27.633
24.967
24.767
25.967
28.900
24.367
27.000
24.700
23.367
21.800
24.167
23.167
23.967
26.167
25.233
24.767
26.667
23.700
28.500
21.233
25.100
26.833
21.000
26.033
24.767
25.633
24.567
25.767
23.500
26.100
21.267
27.200
25.100
26.433
25.367
24.300
27.400
20.000
24.233
27.500
24.400
26.033
23.867
21.500
24.833
22.967
24.033
24.000
21.900
24.367
26.600
21.900
25.300
26.833
24.133
25.500
21.233
27.300
29.433
24.200
26.133
24.067
23.633
27.267
24.900
24.233
27.633
27.567
25.300
24.833
21.633
24.433
27.567
26.533
26.667
25.233
23.567
24.367
27.467
24.767
25.767
26.167
27.200
27.167
26.533
24.133
25.967
23.967
24.367
25.233
24.200
24.500
26.167
28.100
24.967
24.033
24.500
24.567
26.000
25.900
27.067
25.033
21.833
24.300
26.067
24.533
24.633
24.433
23.167
23.300
24.500
25.233
25.033
21.233
21.300
23.300
24.167
24.500
22.900
21.500
23.100
28.867
25.767
26.567
22.500
21.300
27.233
26.500
26.433
25.167
24.833
22.167
25.333
22.967
24.267
25.567
27.500
24.367
24.033
24.333
23.367
24.567
22.633
23.367
26.067
25.100
22.433
23.967
27.300
26.700
29.667
22.767
21.567
26.600
24.433
23.300
27.100
23.500
21.933
27.133
27.100
27.467
25.833
24.033
25.833
25.300
24.033
23.900
26.967
24.200
24.367
25.033
24.433
27.433
27.833
25.967
24.367
25.700
26.433
27.567
20.700
24.833
24.667
21.100
23.700
26.500
24.267
26.833
24.200
25.300
22.767
25.033
26.167
27.367
25.033
24.400
24.300
23.033
25.000
21.100
21.933
28.567
24.567
24.700
24.767
23.833
24.900
21.567
26.700
21.967
25.000
27.800
25.567
26.433
25.933
25.100
27.667
24.300
22.767
24.567
25.233
23.967
23.233
24.533
25.300
25.100
23.233
24.233
25.033
22.033
24.900
28.200
27.667
23.233
20.200
24.667
28.767
22.833
24.633
25.967
26.567
22.167
25.100
25.433
25.367
24.267
24.100
24.300
24.767
27.033
28.367
21.500
24.500
23.833
26.133
22.833
22.367
26.700
28.500
24.300
27.033
24.833
24.700
23.833
20.767
26.833
25.233
23.033
23.700
25.167
28.333
22.233
27.433
24.700
27.033
25.833
23.767
21.700
26.333
27.133
22.433
21.100
26.167
26.500
27.033
25.033
28.533
26.033
22.767
21.700
22.367
26.800
24.133
20.400
26.367
24.500
24.500
28.100
26.367
27.300
24.700
26.900
26.733
24.967
24.233
26.367
27.767
28.433
24.233
26.500
26.033
25.300
21.300
27.367
27.167
27.733
24.567
26.400
27.067
24.767
23.433
22.500
24.100
22.033
23.900
23.633
24.233
24.633
26.167
23.967
26.767
21.633
23.100
27.300
24.233
24.400
26.700
24.033
24.467
26.067
28.233
23.900
27.033
26.967
27.533
25.433
23.767
26.267
25.833
24.900
26.400
24.367
26.933
22.167
22.100
21.767
26.233
26.300
25.100
26.833
26.300
26.133
26.367
22.833
24.433
29.000
26.700
21.267
26.767
23.767
22.033
23.933
24.400
24.100
26.100
25.500
22.100
24.867
28.967
24.567
26.400
25.100
22.967
27.100
24.100
25.700
26.833
26.467
24.767
23.867
24.967
26.633
23.833
23.433
25.433
24.567
26.267
26.467
20.067
23.500
26.700
25.367
24.500
25.367
24.567
24.233
27.300
21.967
24.567
23.100
24.167
21.033
24.467
25.100
26.767
26.500
23.433
27.300
26.300
25.200
19.733
26.167
26.333
25.500
26.767
24.633
29.400
23.567
26.700
24.500
24.200
27.433
24.767
28.100
26.633
26.900
21.833
22.600
24.033
26.433
24.100
23.900
23.300
24.400
25.100
21.100
22.300
24.600
27.833
24.067
22.567
27.567
25.433
26.067
19.900
21.700
26.267
26.667
27.067
21.833
24.967
