24.633
25.433
25.767
21.167
26.900
24.233
26.700
24.833
26.767
23.500
25.633
23.767
25.033
24.500
24.433
22.433
26.433
24.967
27.833
25.300
23.500
25.367
26.833
27.233
25.567
21.833
25.300
21.900
21.767
21.300
24.767
21.367
25.500
25.900
23.433
23.900
23.833
24.167
24.033
26.633
21.367
23.633
23.767
23.500
23.167
24.300
25.500
24.033
27.967
24.633
26.633
24.967
21.900
23.500
23.700
21.633
25.367
25.500
21.767
25.500
24.300
26.300
21.567
24.700
24.367
23.767
25.967
25.167
23.900
21.500
25.033
24.567
22.567
25.100
25.300
25.367
23.700
23.833
26.700
25.033
24.167
22.967
25.567
20.300
25.233
22.300
21.767
24.700
26.767
27.367
22.967
27.033
24.033
24.300
25.367
25.233
24.433
25.167
25.500
25.767
25.633
23.967
25.100
27.367
24.100
24.367
26.900
26.233
26.633
25.833
23.900
23.367
23.833
21.767
23.767
25.633
27.367
24.500
24.300
25.033
26.500
24.567
24.233
26.300
23.233
22.367
25.233
24.633
21.500
24.033
28.300
22.433
24.633
23.700
26.433
26.033
24.900
25.633
23.233
22.767
27.700
26.300
25.433
25.233
24.633
29.100
25.567
24.633
21.633
24.167
24.233
25.567
23.900
23.033
23.433
25.233
25.167
26.700
25.700
25.233
25.233
24.300
26.233
24.900
22.900
23.700
26.433
26.033
26.833
27.367
25.633
24.033
26.233
23.900
26.300
24.233
24.433
24.700
26.967
21.767
25.633
24.100
25.633
25.033
24.700
25.433
25.300
23.900
23.500
24.833
23.833
27.300
26.633
21.100
21.567
22.767
24.500
24.633
26.567
25.567
24.700
24.100
23.433
25.833
23.433
24.767
24.167
25.100
24.833
24.367
23.833
25.433
23.367
24.300
21.233
26.967
25.300
25.433
26.433
26.300
24.633
22.967
24.900
25.500
25.033
25.300
22.033
26.633
25.233
25.633
26.367
25.900
23.100
21.767
27.633
24.500
23.100
24.767
25.700
24.767
27.500
27.100
24.433
25.433
23.433
24.100
25.167
21.500
23.967
21.833
22.833
24.167
24.567
25.100
23.900
24.900
24.700
26.033
24.033
26.633
21.500
25.367
24.567
23.967
23.700
24.900
25.100
21.633
23.833
24.900
23.967
22.767
23.033
24.567
25.567
24.567
23.500
24.833
27.500
27.900
28.567
25.833
24.500
25.367
27.500
26.967
26.300
25.433
25.500
27.300
25.500
21.433
24.367
24.500
21.433
22.833
22.033
27.367
27.300
24.233
23.967
24.767
25.833
25.033
26.167
26.033
27.500
24.700
24.967
24.567
23.367
24.567
24.300
23.700
25.100
24.433
27.100
22.900
24.367
24.567
25.767
22.367
25.433
24.567
25.500
21.700
26.033
24.833
26.633
24.833
26.433
23.500
24.300
24.233
24.633
21.900
23.833
25.500
26.833
20.967
26.833
22.833
24.833
24.567
24.367
24.433
26.500
27.367
25.433
23.767
25.500
25.100
21.700
23.100
24.567
26.100
24.833
25.233
23.233
25.033
25.700
24.700
27.900
22.967
25.233
24.500
24.100
22.900
26.633
25.033
24.567
24.700
24.633
24.033
26.233
25.967
26.167
26.367
25.100
25.100
27.167
24.567
27.567
24.700
26.767
22.167
22.767
22.033
22.567
26.967
27.367
21.367
26.700
23.433
21.900
26.700
24.900
28.567
26.767
23.367
25.633
21.367
25.967
24.567
23.833
23.700
25.033
25.567
23.367
24.500
24.167
23.300
23.300
25.700
23.167
25.567
25.300
25.500
22.833
25.900
23.967
24.767
23.500
24.433
24.900
23.433
25.500
24.433
21.633
24.633
24.033
26.900
27.900
25.967
22.300
26.567
24.833
23.767
24.833
26.033
24.233
26.900
25.300
26.700
27.167
24.767
26.367
25.300
25.033
24.367
27.700
25.167
22.900
25.100
24.633
24.033
26.833
25.567
25.167
24.700
25.233
23.767
24.233
24.567
24.900
24.300
24.833
20.833
23.700
24.300
22.167
27.567
24.833
23.767
23.567
27.767
25.100
27.367
26.567
27.567
22.900
25.300
25.833
23.633
24.233
23.300
22.500
24.567
25.033
21.500
23.433
22.967
23.500
21.500
24.033
25.100
21.167
21.567
25.233
23.367
23.567
24.167
23.833
24.633
23.700
23.367
25.900
24.367
25.433
26.967
24.100
25.100
24.233
25.100
23.300
21.700
24.167
25.100
23.433
24.900
25.100
24.767
24.767
24.833
24.433
26.300
24.767
24.300
25.500
23.833
25.567
25.500
24.967
23.700
22.633
23.767
25.433
26.367
25.167
24.033
24.900
24.033
25.367
24.633
25.967
25.233
25.100
24.433
25.833
24.633
25.500
21.433
24.100
25.300
22.033
25.700
25.500
23.500
22.500
25.100
24.167
28.367
25.233
25.767
25.500
27.233
26.900
24.833
21.567
29.700
23.900
27.633
23.567
23.100
27.833
27.367
24.433
24.233
23.567
24.633
24.100
26.433
25.500
25.500
24.633
28.033
25.100
25.300
25.167
25.767
25.167
23.567
25.833
24.700
25.233
21.233
25.433
27.833
26.633
24.500
25.233
25.433
24.367
24.833
24.100
23.500
21.167
24.100
24.300
24.033
25.167
26.300
23.900
24.767
22.100
26.433
26.300
27.900
26.433
26.633
25.100
21.367
25.100
24.767
23.833
25.100
24.033
23.100
23.500
21.833
24.833
22.633
26.633
24.233
27.367
25.100
25.900
27.367
24.700
24.767
21.567
23.900
29.633
25.300
23.767
25.500
27.967
26.100
24.567
22.167
22.833
23.833
21.500
23.700
25.167
25.700
26.167
23.833
24.100
25.033
25.500
24.700
25.167
27.367
23.567
24.500
26.433
20.900
21.433
25.967
24.033
28.033
25.500
21.900
21.433
25.833
24.967
25.833
24.833
23.367
23.300
27.367
22.567
23.767
24.700
26.967
23.967
25.567
24.900
22.233
22.833
23.100
25.833
23.967
23.233
22.833
24.567
21.100
25.300
25.433
25.300
22.700
24.233
22.100
24.300
24.900
23.833
27.367
26.633
25.967
21.833
24.700
26.633
25.500
23.367
25.300
27.900
26.033
21.700
25.700
25.300
25.167
24.767
22.833
23.300
24.967
24.700
28.633
25.033
25.100
27.900
27.100
21.833
25.633
26.033
22.767
24.633
23.700
23.500
27.100
21.300
23.767
25.833
24.967
25.767
24.633
24.833
22.367
24.100
24.300
26.233
24.567
23.900
25.167
27.100
25.033
25.700
27.567
25.300
22.500
23.967
21.700
21.167
22.833
23.767
27.033
24.833
27.433
24.567
27.233
24.633
23.233
25.100
21.500
24.567
26.233
28.300
24.700
24.700
24.033
27.700
24.900
23.100
24.967
22.500
24.833
24.500
24.767
24.233
26.567
25.100
25.100
25.100
21.700
21.100
25.700
26.767
25.900
23.567
22.433
25.633
25.633
27.100
24.633
25.500
24.567
22.833
25.100
23.300
24.433
23.833
23.033
25.300
25.967
25.500
25.433
22.900
21.100
24.567
25.900
25.500
22.100
22.367
23.300
24.167
26.900
26.567
25.433
23.300
25.033
25.367
23.167
26.567
26.233
23.767
23.367
25.233
26.500
25.100
24.833
25.167
23.367
25.367
24.700
24.567
24.567
26.300
25.700
26.767
24.633
25.633
24.967
23.833
20.367
24.633
26.033
25.833
25.633
28.567
24.233
24.700
24.833
23.233
25.900
27.833
23.700
23.167
24.900
24.300
23.833
23.167
22.033
23.767
25.500
24.033
25.900
25.500
26.567
25.633
23.767
26.633
23.700
24.500
25.167
25.100
21.433
23.167
25.500
24.767
23.967
27.100
25.633
26.300
22.633
24.833
24.100
27.233
26.033
23.900
24.367
24.367
24.700
25.700
24.767
24.100
24.567
25.033
24.633
24.833
26.167
24.900
25.900
25.233
21.100
25.100
25.100
25.567
22.700
24.700
24.700
25.433
27.567
24.767
24.433
24.033
25.500
25.300
24.900
25.500
26.233
24.633
23.033
23.633
23.767
23.233
22.567
26.367
23.567
24.033
28.367
24.700
25.700
21.833
22.367
22.567
23.967
23.833
25.967
25.100
23.500
27.833
23.300
26.233
24.167
23.833
26.767
23.967
21.367
22.967
23.767
22.767
23.567
25.100
26.033
26.567
23.433
23.167
25.167
25.367
22.567
24.500
25.500
23.633
23.500
24.567
21.833
24.033
25.167
25.500
27.033
25.433
26.833
25.500
25.100
25.100
26.033
23.100
26.700
25.167
24.100
23.500
26.833
26.233
24.967
22.033
24.233
25.167
25.567
24.967
24.700
