25.967
22.833
28.700
23.300
24.100
27.367
26.233
28.767
26.567
25.167
26.833
26.900
27.100
27.567
26.433
27.633
27.033
25.767
25.433
24.500
28.100
26.100
28.167
27.433
27.967
25.900
24.700
26.433
23.033
27.500
25.567
25.500
27.367
24.700
25.633
25.967
27.233
21.367
21.967
26.167
28.300
27.900
30.300
27.967
27.433
27.500
24.633
27.100
26.233
27.367
27.967
23.300
26.567
28.567
26.367
25.767
26.767
26.633
22.500
26.367
25.833
24.633
27.967
29.767
26.900
26.367
25.433
23.767
24.167
28.500
23.233
27.033
27.500
22.700
25.433
28.233
23.900
26.633
26.167
22.967
28.700
28.700
25.433
24.567
23.433
24.967
26.700
27.567
25.567
27.500
28.367
27.833
22.967
26.033
28.433
26.567
29.700
28.700
26.167
25.700
26.767
24.500
25.633
28.033
27.167
21.700
25.567
24.500
26.500
26.567
25.300
25.167
31.633
22.500
29.500
26.367
28.767
23.633
24.300
21.300
27.700
25.967
27.100
25.767
26.167
22.233
23.567
27.167
27.033
24.100
30.500
26.300
27.100
26.500
26.633
27.167
29.167
25.500
28.633
26.833
26.967
26.633
27.767
25.300
24.633
27.167
23.033
27.567
23.367
27.567
27.900
26.567
28.433
28.300
29.567
26.100
22.233
25.500
25.500
27.033
21.167
24.700
26.833
26.367
26.100
27.033
27.567
26.300
26.700
27.167
27.633
28.767
26.033
27.100
26.900
24.700
24.833
27.633
25.967
26.433
23.767
25.833
24.567
27.700
24.500
24.833
28.700
25.567
25.767
26.033
24.167
25.967
28.767
28.767
28.900
28.433
27.100
27.567
26.500
24.833
25.300
24.500
26.900
26.833
25.900
24.700
28.900
26.100
26.833
29.033
27.033
22.300
25.100
26.033
24.633
26.567
31.900
27.233
24.167
28.700
26.367
27.967
29.900
25.500
26.433
22.033
26.300
24.567
28.100
24.900
28.233
26.633
25.500
25.833
27.967
26.833
24.167
24.967
28.433
25.900
28.233
27.967
28.967
24.500
24.300
24.900
26.833
24.500
26.967
25.633
26.033
26.567
27.833
27.300
28.100
26.300
28.167
26.167
24.700
25.967
21.967
24.433
26.633
25.033
27.233
27.167
26.767
23.967
26.033
29.833
23.300
26.700
27.167
27.233
23.100
29.367
24.967
22.233
26.233
25.500
26.500
28.233
27.033
27.167
23.767
25.633
26.433
27.033
27.767
29.433
25.567
24.833
25.500
28.233
24.567
30.167
25.167
27.767
26.367
26.900
24.633
24.167
26.767
27.700
28.567
26.167
24.833
25.967
25.700
25.833
26.500
26.767
26.500
28.300
25.700
28.633
27.167
27.300
24.567
28.433
24.833
25.833
26.767
26.100
25.167
23.833
26.633
25.100
28.100
24.100
27.433
27.567
25.100
26.033
26.567
27.633
27.300
23.633
26.567
25.433
26.567
26.033
26.900
27.367
24.833
26.633
25.967
24.700
26.967
25.167
25.100
27.433
30.567
29.300
27.100
22.967
29.633
26.900
25.100
23.767
28.567
26.167
29.167
24.833
27.767
27.567
25.500
25.767
30.900
27.167
29.033
25.567
24.233
22.033
23.700
24.033
21.833
21.900
26.433
23.033
23.367
26.700
23.833
25.633
24.033
26.567
25.233
28.500
24.833
26.367
26.500
26.833
28.167
30.033
24.967
24.567
28.167
25.500
28.567
26.700
25.033
26.100
25.767
26.767
28.100
23.500
28.300
25.233
26.300
29.100
25.767
28.167
26.633
25.233
25.767
26.167
28.300
21.700
28.767
24.233
26.767
26.567
25.567
27.833
27.433
25.967
26.833
24.767
27.967
26.100
26.100
27.433
26.367
28.367
26.100
25.500
25.033
26.767
27.767
27.300
24.833
28.567
22.700
25.033
25.567
25.833
25.633
25.033
24.433
25.567
31.633
25.700
27.767
25.567
28.767
24.300
26.700
24.633
24.900
26.433
26.033
26.700
25.567
27.567
25.833
28.167
25.767
26.633
25.633
26.433
20.700
25.300
28.100
26.767
26.767
29.433
25.567
25.700
28.367
26.300
28.833
25.700
24.633
26.300
26.633
23.967
26.300
28.233
28.567
24.300
26.633
29.167
25.967
24.367
23.167
23.767
27.500
27.233
23.700
23.033
26.100
22.767
26.167
27.033
28.167
26.567
26.433
28.167
25.767
26.967
27.300
28.167
23.100
24.833
21.567
26.700
31.367
26.567
25.033
28.700
27.833
28.300
28.967
25.167
24.767
26.500
24.833
21.100
27.367
27.567
26.833
24.433
24.700
25.233
25.300
27.300
29.167
25.100
27.233
27.100
26.300
25.367
25.767
27.167
24.167
25.233
28.100
25.900
24.633
25.367
27.500
28.833
27.033
26.367
26.433
24.900
23.900
28.633
29.433
23.233
25.300
21.033
24.033
25.300
27.567
27.233
29.233
29.700
25.833
27.500
29.567
28.767
26.767
28.033
28.100
25.567
27.167
25.900
26.700
27.033
25.033
24.700
26.033
24.767
24.967
23.967
29.367
22.833
25.500
26.700
28.433
24.767
26.367
24.900
26.233
26.033
28.300
25.433
27.233
22.300
24.433
26.767
31.233
29.700
26.033
24.567
26.900
26.967
29.767
25.300
25.700
27.367
29.167
26.900
23.633
26.967
22.767
26.900
29.367
25.833
27.367
26.100
25.033
28.500
23.833
26.500
26.500
29.633
24.433
26.233
28.100
27.167
23.833
25.233
25.833
29.367
29.167
28.233
28.033
27.967
25.967
21.433
27.367
26.700
27.100
24.167
29.367
24.500
26.367
26.833
27.033
23.767
26.433
25.833
28.300
25.233
25.633
27.233
26.433
27.167
23.233
28.700
21.767
24.033
25.033
26.967
24.567
27.300
22.767
23.367
29.633
27.233
25.433
26.700
24.767
30.833
27.500
26.233
25.300
28.367
26.167
26.500
25.100
24.700
22.433
27.367
27.167
27.567
24.367
26.367
25.100
25.300
25.100
23.700
24.700
25.300
26.033
24.633
24.100
26.633
25.233
28.767
26.833
28.233
25.433
27.367
26.433
29.433
26.700
24.967
27.433
30.500
29.633
26.900
28.833
26.700
28.433
27.033
26.833
26.767
26.433
27.233
28.567
24.900
23.233
29.900
25.967
26.433
26.100
25.167
25.767
27.767
25.700
25.033
26.233
26.233
24.967
25.300
27.100
30.033
31.167
25.767
26.833
26.033
26.567
22.633
23.100
23.967
26.700
28.233
24.367
28.433
25.500
24.500
25.367
29.167
27.167
26.767
25.233
25.367
23.700
27.833
24.967
24.900
21.900
26.033
27.167
26.433
23.700
31.433
26.767
22.767
22.633
25.967
23.233
28.167
25.967
28.167
27.700
26.700
25.900
25.633
29.300
23.033
29.300
26.367
27.500
24.833
26.967
26.033
27.367
24.233
26.500
25.767
28.300
24.900
24.567
26.633
27.167
24.900
29.500
26.567
27.033
26.367
27.433
28.967
25.900
24.767
28.033
24.033
25.300
25.833
26.900
28.767
25.167
26.567
27.367
24.767
27.167
26.833
27.033
29.900
26.167
27.833
25.767
27.300
27.167
23.367
25.233
26.900
24.700
24.767
27.433
25.833
22.767
27.700
24.033
28.233
26.967
22.433
22.967
25.233
25.500
27.567
27.233
26.300
24.900
22.967
22.567
28.100
26.767
25.300
23.833
24.100
23.300
26.833
27.367
27.700
25.233
27.967
25.767
27.100
24.233
26.300
25.167
24.500
26.700
24.567
25.633
22.367
26.500
23.367
26.500
27.167
27.167
29.433
27.967
27.300
28.233
25.700
26.100
25.833
28.433
27.167
23.767
22.167
25.367
26.900
28.567
27.100
26.033
26.967
26.367
25.367
29.100
27.100
30.233
22.967
28.833
25.633
25.633
26.633
27.767
24.100
25.900
26.500
27.700
25.167
27.233
24.900
24.767
28.100
25.300
24.433
27.233
27.767
27.433
29.300
29.700
22.967
30.633
28.033
26.100
25.633
28.033
22.567
29.433
29.100
26.833
25.833
29.167
25.567
24.433
24.567
26.900
22.367
25.567
23.967
24.767
24.700
25.967
26.633
26.767
25.900
22.767
26.833
20.967
24.433
29.167
26.833
27.033
25.833
26.233
26.100
26.300
24.100
23.900
28.767
30.367
25.900
27.900
28.100
28.100
28.433
25.233
26.500
27.300
26.433
26.500
25.367
28.100
28.500
26.300
24.367
25.900
27.833
24.367
24.633
25.433
25.300
26.633
24.900
26.167
23.700
24.433
28.967
27.567
25.900
26.767
26.433
22.967
27.567
27.833
24.033
27.233
26.300
30.433
28.167
30.100
23.367
