24.367
24.100
24.033
22.900
24.033
23.367
24.567
24.367
24.167
24.967
22.700
22.367
24.900
26.367
24.167
25.433
26.833
24.567
26.700
25.167
27.100
25.900
24.433
21.700
23.433
25.500
24.367
27.100
23.167
24.700
27.300
22.433
24.633
27.433
24.700
22.567
23.900
23.433
23.833
25.500
22.633
21.567
22.767
23.300
23.633
25.700
24.900
22.100
24.100
25.633
22.833
23.433
21.300
22.033
27.967
25.900
25.900
26.567
22.900
25.700
26.567
21.900
25.500
24.100
23.367
25.300
22.500
24.633
24.100
22.633
24.233
24.433
23.967
25.300
25.500
25.900
22.700
23.367
24.767
24.433
24.900
22.300
27.967
23.567
27.967
25.033
24.367
24.033
25.300
24.967
25.300
23.367
25.100
24.900
24.167
24.367
27.233
25.033
23.500
24.100
25.967
23.033
23.967
24.433
27.633
25.100
25.100
24.367
22.433
25.100
27.367
24.367
24.633
25.767
24.633
22.967
24.700
26.500
25.100
24.033
26.767
25.500
22.433
23.433
25.900
22.500
24.367
24.367
25.833
25.100
21.767
25.167
23.900
24.567
23.900
21.300
23.967
25.100
24.767
26.967
25.100
25.767
25.433
24.100
23.967
25.633
26.767
22.767
21.700
24.500
23.967
25.233
24.167
25.767
21.367
27.633
23.900
25.567
24.700
24.233
24.167
24.367
24.167
21.967
25.033
23.433
25.500
24.900
24.567
24.833
23.033
23.567
25.100
25.100
22.567
25.100
26.167
25.167
24.367
24.500
24.567
25.100
24.633
22.833
23.300
25.967
24.500
26.433
25.100
24.367
22.633
23.300
23.033
23.500
24.367
22.700
27.233
23.767
24.500
22.567
27.100
22.433
25.500
24.433
22.500
24.367
24.100
24.567
24.700
24.233
25.100
23.433
23.767
26.367
24.167
23.567
21.967
24.967
23.767
24.767
23.033
26.967
24.167
26.100
24.900
23.633
24.500
23.500
24.767
23.700
24.700
24.833
25.100
25.100
21.433
27.167
25.100
24.900
23.300
25.300
25.167
23.967
21.233
23.700
25.700
24.833
24.900
25.500
22.033
23.900
24.500
25.233
27.033
25.500
23.433
24.967
24.567
25.100
24.100
24.900
22.833
25.300
25.500
24.167
24.967
26.100
24.300
23.767
23.567
25.100
25.967
25.367
25.767
23.367
24.767
23.633
24.767
24.167
25.300
23.967
25.433
24.633
24.767
22.700
25.500
21.700
23.500
24.033
24.367
23.700
25.833
22.300
25.100
24.100
25.100
25.900
23.033
23.833
24.500
21.433
24.500
23.967
25.100
24.167
24.300
24.900
25.300
22.033
25.300
24.300
23.567
26.367
24.367
24.900
24.167
28.967
23.233
25.300
25.500
24.700
23.767
22.833
28.500
23.100
23.433
25.300
25.100
24.900
24.367
24.167
24.300
24.967
23.967
23.833
23.500
25.100
24.900
25.500
24.900
25.167
24.167
24.700
28.433
25.633
25.367
25.300
23.367
25.233
23.433
26.300
23.700
24.767
24.767
24.500
23.233
24.500
25.033
27.033
25.233
23.367
26.700
25.100
23.433
25.433
26.767
25.300
24.300
25.100
25.900
25.700
24.767
24.900
25.500
24.100
25.833
22.833
24.767
25.033
23.900
23.567
27.100
24.100
25.967
24.367
23.967
20.900
21.500
23.767
25.700
25.033
21.633
24.100
24.367
24.633
26.233
23.967
24.567
25.900
25.033
21.700
25.500
26.100
24.633
22.567
24.100
25.033
24.833
23.433
24.433
25.167
23.100
26.700
25.433
24.700
23.833
25.900
24.033
22.500
21.700
24.100
23.767
24.167
25.433
22.300
25.767
25.567
24.700
22.633
23.500
26.233
23.833
26.833
22.233
22.700
24.033
24.500
24.767
28.100
25.100
24.767
25.700
25.100
26.033
22.100
25.900
24.700
25.033
23.833
22.833
23.767
26.633
22.100
25.500
24.567
23.567
23.167
25.900
24.300
24.833
23.833
24.500
24.367
23.367
23.367
24.633
23.833
23.833
26.167
24.900
24.367
24.833
25.700
24.700
24.567
24.833
27.700
24.700
25.367
23.500
24.500
23.567
21.700
23.833
25.433
24.500
26.233
22.367
28.767
24.100
23.833
23.100
25.700
22.967
22.767
22.300
24.167
24.900
24.367
26.167
26.033
26.567
24.167
25.900
24.033
24.900
23.767
24.367
23.567
21.900
26.967
22.567
24.900
24.967
24.700
24.433
24.367
23.367
26.233
24.700
22.233
25.100
25.300
27.433
24.100
25.900
23.633
25.567
21.700
22.833
23.900
23.500
24.767
26.100
24.500
24.167
22.633
25.433
24.167
23.433
25.500
22.567
22.833
21.833
25.767
22.967
24.567
25.500
24.833
25.167
25.100
23.967
24.433
23.767
23.833
24.500
22.767
25.500
23.567
23.700
23.367
24.500
22.100
25.433
24.367
24.167
24.033
24.300
24.033
26.367
22.633
23.700
24.833
24.500
23.433
22.633
24.500
25.233
24.367
24.033
23.500
25.433
23.567
23.767
23.900
23.567
25.900
23.500
24.367
22.967
23.900
24.833
25.100
24.567
24.633
22.033
27.900
23.433
24.833
25.100
25.100
25.100
24.500
25.300
25.900
24.767
24.700
23.900
21.967
24.433
22.833
27.233
23.367
22.433
23.433
25.100
25.500
25.100
24.833
24.233
24.100
25.500
23.833
24.500
22.567
24.633
24.633
24.700
24.233
24.233
24.900
25.900
26.167
23.833
23.433
26.300
25.700
25.100
23.833
25.100
26.300
25.633
25.300
24.500
23.367
23.633
26.100
23.900
24.700
23.300
25.300
23.767
24.900
25.967
25.300
24.700
22.833
24.500
25.700
22.100
24.767
24.367
25.367
23.567
24.900
25.700
21.700
21.633
23.433
25.100
24.367
26.700
24.967
23.233
22.633
20.967
23.500
26.300
24.300
25.900
22.633
24.767
22.567
23.633
26.500
23.767
25.500
24.567
27.167
25.167
24.167
25.033
22.433
23.767
25.633
25.633
24.500
24.167
23.833
23.700
25.100
22.767
26.900
23.367
24.300
25.900
22.633
24.033
24.900
25.100
25.033
22.833
23.633
28.633
22.833
24.767
21.767
24.500
27.100
24.567
24.700
24.900
24.767
26.167
25.900
23.100
25.100
22.967
26.633
26.300
24.033
23.033
24.500
25.300
24.700
23.567
27.633
22.433
27.233
25.900
25.433
24.433
25.833
24.167
25.500
26.967
23.833
25.767
23.433
23.367
24.767
24.567
25.633
23.433
24.233
22.433
23.700
23.500
27.833
24.500
25.100
25.300
24.500
24.767
24.433
25.967
26.767
23.833
22.967
25.833
24.033
24.700
25.100
25.500
22.367
25.433
25.367
24.500
23.567
22.167
25.100
24.767
25.567
23.167
25.033
24.767
24.367
25.500
25.367
23.833
22.033
25.100
24.833
23.967
25.433
25.033
23.567
25.300
25.100
23.767
25.100
23.833
23.900
23.900
24.167
25.300
25.500
25.433
25.233
25.100
24.900
26.367
24.767
25.633
25.900
23.567
24.767
20.967
24.367
24.700
25.900
22.500
23.833
24.500
26.233
23.967
25.500
22.567
26.367
23.700
23.767
26.567
23.233
25.100
25.500
23.633
22.900
25.233
20.833
23.567
21.967
22.367
24.367
25.833
24.567
25.900
24.567
27.233
25.500
24.567
23.567
23.367
23.367
24.300
23.967
26.500
25.500
22.700
22.100
25.100
24.700
25.100
24.900
25.100
24.300
24.167
25.633
23.967
25.100
25.500
25.433
23.767
24.233
24.767
25.900
24.700
24.033
24.300
25.900
23.967
22.500
21.833
24.433
25.300
22.300
24.500
25.500
25.500
25.100
24.700
25.833
25.567
24.167
26.033
24.967
25.100
24.767
23.967
24.767
23.767
25.900
23.700
23.833
24.500
24.700
23.767
24.500
24.100
24.833
25.900
23.433
27.767
21.167
22.633
24.100
26.100
27.833
25.300
24.167
22.500
26.233
24.100
22.233
25.833
23.567
26.100
22.500
21.700
25.233
23.967
21.433
24.167
24.233
24.233
26.233
24.900
27.433
25.300
23.767
24.367
22.433
26.367
24.233
24.033
26.033
26.300
24.567
24.833
22.767
24.367
22.567
23.833
24.100
22.300
23.167
25.900
27.300
23.767
27.033
25.500
23.567
22.233
24.700
24.300
23.367
24.100
23.967
24.433
24.367
27.033
24.367
23.433
26.900
23.833
25.433
23.367
23.033
25.500
23.767
24.367
25.100
23.233
24.900
24.033
26.167
23.433
24.167
22.567
24.633
26.633
24.700
24.700
26.167
23.433
25.967
23.900
22.833
25.167
21.433
23.300
23.900
